098
099
126
090
091
092
093
094
095
096
097
010
011
012
013
014
015
016
017
018
019
127
138
198
025
024
027
026
021
020
023
022
128
129
029
028
133
132
131
130
137
136
199
135
195
194
197
134
191
144
193
192
115
114
038
039
111
110
113
112
032
033
030
031
036
037
034
035
174
173
172
171
170
178
108
109
196
148
049
048
047
046
045
044
043
042
041
040
139
177
151
150
176
153
102
152
058
059
179
103
054
055
056
057
050
051
052
053
101
157
106
175
156
145
107
182
183
180
181
186
104
184
185
188
105
187
061
060
063
062
065
064
067
066
069
068
190
168
169
164
165
166
167
160
161
162
163
189
117
116
076
077
074
075
072
073
070
071
159
158
078
079
100
149
119
118
155
146
147
089
088
142
143
140
141
083
082
081
080
087
086
085
084
003
002
001
000
007
006
005
004
154
009
008
120
121
122
123
124
125
